,City,Cloudiness,Country,Date,Humidity,Lat,Lng,Max Temp,Wind Speed
0,Anadyr,98,RU,1588758536,79,64.75,177.48,26.6,20.13
1,Solnechnyy,87,RU,1588758536,48,50.72,136.63,49.64,1.9
2,Hobart,100,AU,1588758357,67,-42.88,147.33,59.0,11.41
3,Yellowknife,75,CA,1588758331,59,62.46,-114.35,33.8,12.75
4,Punta Arenas,100,CL,1588758309,93,-53.15,-70.92,35.6,3.36
5,Mataura,100,NZ,1588758536,80,-46.19,168.86,47.59,4.34
6,Port Alfred,92,ZA,1588758536,68,-33.59,26.89,70.5,12.39
7,Harrismith,23,ZA,1588758536,46,-28.27,29.13,63.21,7.11
8,Portlethen,0,GB,1588758536,58,57.05,-2.13,55.4,3.36
9,Busselton,68,AU,1588758536,50,-33.65,115.33,53.01,16.98
10,Vaini,75,TO,1588758537,94,-21.2,-175.2,77.0,5.82
11,Kuytun,100,RU,1588758537,64,54.34,101.5,43.16,18.41
12,Klaksvík,99,FO,1588758537,87,62.23,-6.59,46.4,13.87
13,Seidu,97,SL,1588758537,79,9.02,-10.6,79.83,4.23
14,Kaitangata,96,NZ,1588758537,75,-46.28,169.85,50.0,4.0
15,Rubiataba,100,BR,1588758537,90,-15.16,-49.8,65.59,2.46
16,Kamenka,77,RU,1588758537,77,51.32,42.77,66.0,5.01
17,Sunbury,75,AU,1588758537,67,-37.58,144.73,60.8,19.46
18,São Filipe,27,CV,1588758537,67,14.9,-24.5,76.51,8.32
19,Clyde River,1,CA,1588758537,84,70.47,-68.59,1.4,3.36
20,Avarua,29,CK,1588758537,100,-21.21,-159.78,71.6,1.12
21,Saint Paul Harbor,90,US,1588758537,81,57.79,-152.41,44.6,18.34
22,Urengoy,100,RU,1588758537,99,65.97,78.37,33.96,6.89
23,Vallenar,18,CL,1588758537,59,-28.57,-70.76,57.69,1.03
24,Pyshchug,14,RU,1588758537,42,58.89,45.71,72.79,14.52
25,Kapaa,75,US,1588758537,94,22.08,-159.32,71.6,10.29
26,Rikitea,79,PF,1588758537,63,-23.12,-134.97,73.76,12.1
27,Isangel,90,VU,1588758537,94,-19.55,169.27,68.0,12.88
28,Butaritari,19,KI,1588758537,80,3.07,172.79,83.01,10.29
29,Talnakh,75,RU,1588758537,80,69.49,88.4,30.2,13.42
30,Salalah,20,OM,1588758538,62,17.02,54.09,89.6,14.99
31,Mar del Plata,90,AR,1588758538,71,-38.0,-57.56,55.0,14.0
32,Krasnyy Chikoy,100,RU,1588758538,75,50.36,108.75,42.21,5.53
33,Bredasdorp,20,ZA,1588758538,30,-34.53,20.04,69.8,13.87
34,Dikson,1,RU,1588758538,93,73.51,80.55,10.71,12.48
35,Rabo de Peixe,75,PT,1588758538,88,37.8,-25.58,62.6,11.41
36,Comodoro Rivadavia,64,AR,1588758487,70,-45.87,-67.5,46.4,9.17
37,Morehead,90,US,1588758538,100,37.27,-87.18,51.8,15.43
38,Cape Town,0,ZA,1588758492,56,-33.93,18.42,79.0,10.29
39,Corvallis,99,US,1588758502,85,44.56,-123.26,48.0,4.79
40,Nandyāl,69,IN,1588758538,27,15.48,78.48,97.93,4.81
41,Yulara,23,AU,1588758538,8,-25.24,130.99,75.2,5.82
42,Orán,100,AR,1588758489,66,-23.13,-64.33,59.13,1.05
43,Flin Flon,0,CA,1588758538,97,54.77,-101.86,27.39,4.72
44,Tazovsky,100,RU,1588758538,100,67.47,78.7,32.83,4.23
45,Cabo San Lucas,0,MX,1588758538,43,22.89,-109.91,72.0,1.99
46,Atuona,12,PF,1588758538,77,-9.8,-139.03,80.55,17.18
47,Goderich,100,CA,1588758538,57,43.75,-81.72,41.0,1.01
48,Husum,20,DE,1588758538,50,54.49,9.05,53.6,16.11
49,Sumbe,20,AO,1588758538,68,-11.21,13.84,84.2,4.7
50,Te Anau,100,NZ,1588758538,80,-45.42,167.72,47.5,5.88
51,Caravelas,3,BR,1588758538,83,-17.71,-39.25,71.28,3.85
52,Hilo,90,US,1588758539,73,19.73,-155.09,71.6,6.93
53,Sioux Lookout,5,CA,1588758539,98,50.1,-91.92,32.0,2.24
54,Homer,1,US,1588758539,75,59.64,-151.55,45.0,2.19
55,Berlevåg,75,NO,1588758539,65,70.86,29.09,41.0,11.41
56,Albany,39,US,1588758539,66,42.6,-73.97,36.0,2.1
57,Codrington,100,AU,1588758539,48,-38.27,141.97,58.15,13.31
58,Thompson,5,CA,1588758539,79,55.74,-97.86,19.4,4.7
59,Novokayakent,96,RU,1588758539,68,42.39,47.99,68.0,8.95
60,Marsh Harbour,0,BS,1588758539,77,26.54,-77.06,76.32,13.04
61,Jamestown,90,US,1588758518,38,42.1,-79.24,39.2,8.05
62,Sitka,1,US,1588758539,66,57.05,-135.33,48.2,7.34
63,Yuci,73,CN,1588758539,33,37.68,112.73,73.4,15.66
64,Draguignan,1,FR,1588758539,56,43.53,6.47,75.0,2.24
65,Cherskiy,100,RU,1588758539,95,68.75,161.3,28.0,4.0
66,Noumea,90,NC,1588758391,64,-22.28,166.46,73.0,4.7
67,Klaeng,0,TH,1588758539,100,12.78,101.65,96.01,7.99
68,Tilichiki,100,RU,1588758539,98,60.47,166.1,30.25,35.1
69,Ushuaia,40,AR,1588758369,64,-54.8,-68.3,35.6,4.7
70,Kalat,0,PK,1588758539,16,29.02,66.59,76.78,17.78
71,Qui Nhon,4,VN,1588758539,73,13.77,109.23,84.83,11.88
72,Hithadhoo,18,MV,1588758539,73,-0.6,73.08,85.17,11.56
73,Philadelphia,90,US,1588758506,76,39.95,-75.16,53.01,5.82
74,Paragominas,85,BR,1588758539,97,-2.97,-47.48,73.36,2.42
75,Metro,99,ID,1588758539,82,-5.11,105.31,84.18,6.44
76,Elmadağ,40,TR,1588758539,41,39.92,33.23,60.8,8.05
77,Zabid,98,YE,1588758540,42,14.2,43.32,97.11,10.58
78,Hamilton,90,US,1588758302,75,39.18,-84.53,42.01,8.05
79,Pevek,100,RU,1588758540,87,69.7,170.31,25.93,10.51
80,Monticello,90,US,1588758247,66,45.31,-93.79,50.0,6.58
81,Nizwá,0,OM,1588758540,13,22.93,57.53,102.87,12.62
82,Mandera,43,KE,1588758540,46,3.94,41.87,92.12,13.67
83,Beira,40,MZ,1588758540,69,-19.84,34.84,78.8,9.17
84,Cockburn Town,100,TC,1588758540,81,21.46,-71.14,79.5,17.45
85,Carutapera,73,BR,1588758540,93,-1.2,-46.02,77.25,6.91
86,Batagay-Alyta,100,RU,1588758540,96,67.8,130.41,29.37,2.13
87,Chornukhy,99,UA,1588758540,71,50.27,32.94,59.77,4.14
88,Salinópolis,88,BR,1588758540,87,-0.61,-47.36,79.97,11.39
89,Wawa,0,NG,1588758540,42,9.9,4.42,95.86,2.59
90,Saskylakh,73,RU,1588758540,93,71.92,114.08,7.29,7.05
91,Kushima,75,JP,1588758540,83,31.46,131.23,71.6,9.17
92,La Ronge,5,CA,1588758540,68,55.1,-105.28,26.6,6.93
93,Airai,98,TL,1588758540,100,-8.93,125.41,62.82,3.0
94,Pombas,40,CV,1588758540,69,17.15,-25.02,75.2,25.28
95,Tres Palos,3,MX,1588758540,24,18.18,-101.62,69.85,2.1
96,Khatanga,100,RU,1588758540,90,71.97,102.5,11.91,15.95
97,Sūsangerd,90,IR,1588758540,25,31.56,48.18,98.6,16.11
98,Port Elizabeth,90,ZA,1588758540,93,-33.92,25.57,66.2,11.41
99,Tasiilaq,99,GL,1588758540,50,65.61,-37.64,33.8,24.16
100,Guerrero Negro,0,MX,1588758540,70,27.98,-114.06,65.93,5.91
101,Road Town,14,VG,1588758434,85,18.42,-64.62,81.0,18.01
102,Dafeng,0,CN,1588758541,49,23.45,108.59,92.08,11.3
103,Bluff,100,NZ,1588758541,78,-46.6,168.33,53.11,21.25
104,Touros,75,BR,1588758541,100,-5.2,-35.46,75.2,4.7
105,Fairbanks,1,US,1588758475,69,64.84,-147.72,46.0,0.83
106,Chernyshevskiy,100,RU,1588758541,98,63.01,112.47,37.26,4.09
107,Coquimbo,90,CL,1588758541,93,-29.95,-71.34,51.8,2.24
108,Bambous Virieux,40,MU,1588758541,69,-20.34,57.76,82.4,11.41
109,Port Lincoln,52,AU,1588758541,32,-34.73,135.87,67.78,16.82
110,Haines Junction,44,CA,1588758541,76,60.75,-137.51,36.46,1.28
111,Yazykovo,0,RU,1588758541,35,55.22,56.14,71.19,10.58
112,La Sarre,24,CA,1588758326,92,48.8,-79.2,27.1,4.52
113,Siaya,75,KE,1588758541,65,0.06,34.29,80.6,3.36
114,Charters Towers,62,AU,1588758541,63,-20.1,146.27,67.35,14.83
115,Bethel,1,US,1588758305,74,41.37,-73.41,42.01,6.51
116,Limbang,75,MY,1588758541,70,4.75,115.0,87.8,6.93
117,Barabai,97,ID,1588758541,78,-2.58,115.38,83.75,1.77
118,Vestmannaeyjar,90,IS,1588758541,81,63.44,-20.27,42.8,8.05
119,Norman Wells,20,CA,1588758541,89,65.28,-126.83,32.0,2.24
120,Ponazyrevo,6,RU,1588758541,40,58.36,46.31,73.35,14.72
121,São Gabriel da Cachoeira,100,BR,1588758541,98,-0.13,-67.09,73.63,0.4
122,Panguna,96,PG,1588758541,98,-6.32,155.48,69.73,0.94
123,Lorengau,100,PG,1588758541,85,-2.02,147.27,80.22,5.48
124,George Town,20,MY,1588758311,70,5.41,100.34,89.6,11.41
125,Arman',86,RU,1588758541,84,59.7,150.17,33.94,11.32
126,Beyneu,100,KZ,1588758542,25,45.32,55.2,78.94,25.17
127,San Patricio,11,MX,1588758542,78,19.22,-104.7,71.71,0.38
128,Omsukchan,100,RU,1588758542,96,62.53,155.8,24.57,9.37
129,Zhigansk,100,RU,1588758542,96,66.77,123.37,29.62,18.48
130,Castro,100,BR,1588758356,92,-24.79,-50.01,57.92,5.06
131,Los Llanos de Aridane,20,ES,1588758542,68,28.66,-17.92,69.8,6.93
132,Loikaw,43,MM,1588758542,36,19.67,97.21,91.09,5.08
133,Soyo,75,AO,1588758542,83,-6.13,12.37,84.2,5.82
134,Kingman,1,US,1588758298,23,35.19,-114.05,61.0,3.36
135,Cabrobó,68,BR,1588758542,87,-8.51,-39.31,74.1,11.56
136,Praia,20,CV,1588758542,69,14.92,-23.51,75.2,12.75
137,Karratha,3,AU,1588758542,56,-20.74,116.85,77.04,8.01
138,Eyl,14,SO,1588758542,59,7.98,49.82,88.29,8.95
139,Longyearbyen,75,SJ,1588758430,69,78.22,15.64,33.8,18.34
140,Marang,20,MY,1588758542,75,5.21,103.21,89.6,5.82
141,Dudinka,75,RU,1588758542,80,69.41,86.18,30.2,13.42
142,Sakaiminato,20,JP,1588758542,77,35.55,133.23,62.6,13.87
143,Hong Kong,53,HK,1588758485,75,22.29,114.16,86.0,3.0
144,Oodweyne,77,SO,1588758542,48,9.41,45.06,83.61,7.27
145,Lebu,5,CL,1588758542,69,-37.62,-73.65,52.59,16.84
146,Kirensk,97,RU,1588758542,52,57.79,108.11,48.47,9.64
147,Guérande,90,FR,1588758542,100,47.33,-2.43,57.99,9.17
148,Arraial do Cabo,40,BR,1588758542,94,-22.97,-42.03,69.8,4.07
149,Tavda,84,RU,1588758542,33,58.04,65.27,77.4,9.75
150,Saldanha,9,ZA,1588758542,49,-33.01,17.94,73.4,5.82
151,Boulder City,1,US,1588758543,14,35.98,-114.83,73.0,3.36
152,Souillac,40,MU,1588758543,69,-20.52,57.52,82.4,11.41
153,New Norfolk,100,AU,1588758543,73,-42.78,147.06,59.0,3.49
154,Camacha,40,PT,1588758543,82,33.08,-16.33,64.4,5.82
155,Ambon City,40,ID,1588758543,11,-3.7,128.18,84.99,6.29
156,Ketchikan,75,US,1588758543,86,55.34,-131.65,55.4,4.36
157,Raudeberg,93,NO,1588758543,91,61.99,5.14,46.0,8.48
158,Paulo Afonso,83,BR,1588758543,89,-9.41,-38.21,74.19,5.77
159,Yerbogachën,100,RU,1588758543,92,61.28,108.01,34.38,8.14
160,Tiksi,100,RU,1588758543,98,71.69,128.87,26.47,8.59
161,Suleja,9,NG,1588758268,45,9.18,7.18,94.35,2.98
162,Inta,100,RU,1588758543,97,66.03,60.17,35.49,5.03
163,Buala,84,SB,1588758543,72,-8.14,159.59,82.17,0.87
164,Laas,75,IT,1588758543,81,46.62,10.7,46.4,8.05
165,Kavieng,30,PG,1588758543,76,-2.57,150.8,82.98,4.97
166,Landeck,75,AT,1588758543,81,47.13,10.56,46.4,8.05
167,Xinyu,91,CN,1588758543,91,27.8,114.93,75.74,5.7
168,Hermanus,1,ZA,1588758543,55,-34.42,19.23,75.0,10.07
169,Carnarvon,0,AU,1588758543,63,-24.87,113.63,69.03,19.73
170,Kollam,75,IN,1588758543,66,8.88,76.6,89.6,5.82
171,Cururupu,100,BR,1588758543,95,-1.83,-44.87,77.09,3.89
172,Acapulco de Juárez,40,MX,1588758319,88,16.86,-99.89,77.0,5.82
173,Lázaro Cárdenas,10,MX,1588758543,66,17.96,-102.2,71.42,2.91
174,Rajshahi,62,BD,1588758283,27,24.37,88.6,98.47,7.9
175,Luanda,75,AO,1588758455,74,-8.84,13.23,82.4,4.7
176,Saint George,1,US,1588758544,30,37.1,-113.58,59.0,5.82
177,Aseri,4,EE,1588758544,60,59.45,26.87,49.78,8.63
178,Unaí,100,BR,1588758544,79,-16.36,-46.91,69.06,1.23
179,Medvezh'yegorsk,59,RU,1588758544,42,62.92,34.47,61.21,1.23
180,Erzin,0,TR,1588758544,65,36.96,36.2,71.01,10.0
181,Necochea,99,AR,1588758381,71,-38.55,-58.74,54.0,13.0
182,Damietta,37,EG,1588758544,64,31.42,31.81,71.6,9.17
183,Yen Bai,27,VN,1588758544,50,21.7,104.87,96.71,1.97
184,Kozhva,99,RU,1588758544,97,65.11,57.05,37.36,2.98
185,Bairiki Village,20,KI,1588758544,83,1.33,172.98,82.4,9.17
186,Vanavara,100,RU,1588758544,90,60.34,102.28,38.5,7.27
187,Sainte-Anne-des-Monts,80,CA,1588758544,95,49.12,-66.49,30.49,5.59
188,Barrow,90,US,1588758544,92,71.29,-156.79,10.4,11.41
189,Yumen,23,CN,1588758544,31,40.28,97.2,66.72,8.68
190,Dumai,100,ID,1588758544,66,1.68,101.45,88.9,1.21
191,Panabá,48,MX,1588758544,95,21.28,-88.27,74.03,5.1
192,Lewiston,1,US,1588758247,92,44.1,-70.21,33.01,3.31
193,Rocha,92,UY,1588758544,73,-34.48,-54.33,53.62,13.6
194,Moyale,79,KE,1588758544,72,3.52,39.06,76.37,14.03
195,Upernavik,0,GL,1588758544,90,72.79,-56.15,19.13,8.16
196,Tuktoyaktuk,95,CA,1588758544,99,69.45,-133.04,26.83,7.7
197,College,20,US,1588758544,69,64.86,-147.8,46.0,4.7
198,Ponta do Sol,40,PT,1588758544,72,32.67,-17.1,68.0,8.05
199,Pacifica,75,US,1588758545,81,37.61,-122.49,55.0,11.41
200,Porto-Novo,40,BJ,1588758545,74,6.5,2.6,87.8,12.75
201,Narsaq,75,GL,1588758545,80,60.92,-46.05,41.0,6.62
202,Puerto Ayora,49,EC,1588758545,94,-0.74,-90.35,73.99,5.03
203,Hualmay,100,PE,1588758545,82,-11.1,-77.61,67.1,4.16
204,Fortuna,90,US,1588758545,100,40.6,-124.16,51.01,6.93
205,Niquelândia,100,BR,1588758545,83,-14.47,-48.46,68.7,1.72
206,Broken Hill,100,AU,1588758545,33,-31.95,141.43,62.6,9.17
207,East London,19,ZA,1588758545,56,-33.02,27.91,71.6,16.11
208,Bam,31,IR,1588758545,10,29.11,58.36,95.49,5.73
209,Troitsk,13,RU,1588758545,29,54.1,61.58,74.62,4.54
210,Qaanaaq,100,GL,1588758545,90,77.48,-69.36,11.93,6.73
211,Deputatsky,55,RU,1588758545,97,69.3,139.9,19.98,2.53
212,Sojītra,0,IN,1588758545,32,22.55,72.72,109.4,9.17
213,Pisco,90,PE,1588758545,90,-13.7,-76.22,63.0,5.53
214,Esperance,40,AU,1588758545,41,-33.87,121.9,57.2,28.86
215,Severo-Kuril'sk,98,RU,1588758545,90,50.68,156.12,33.67,21.36
216,Bathsheba,75,BB,1588758545,74,13.22,-59.52,80.6,20.8
217,Iranshahr,20,IR,1588758545,11,27.2,60.68,104.0,4.7
218,Sur,0,OM,1588758397,34,22.57,59.53,97.2,10.96
219,Bengkulu,98,ID,1588758341,78,-3.8,102.27,84.42,8.79
220,Belmonte,20,BR,1588758546,88,-15.86,-38.88,69.8,3.36
221,Ajdabiya,0,LY,1588758546,17,30.76,20.23,79.07,5.73
222,Rawson,0,AR,1588758546,52,-43.3,-65.1,47.88,6.44
223,Nelson Bay,0,AU,1588758546,87,-32.72,152.15,60.8,6.93
224,Zeya,0,RU,1588758546,31,53.75,127.27,61.65,4.36
225,Leningradskiy,28,RU,1588758546,91,69.38,178.42,17.17,7.34
226,Ciudad Bolivar,95,VE,1588758546,77,8.12,-63.55,77.92,9.53
227,Porto Tolle,100,IT,1588758546,76,44.95,12.32,63.0,20.0
228,Tūkrah,0,LY,1588758546,28,32.53,20.58,74.21,10.83
229,Toora-Khem,87,RU,1588758546,52,52.47,96.11,46.0,12.59
230,Myaundzha,49,RU,1588758546,91,63.05,147.19,18.1,2.91
231,Hofn,100,IS,1588758367,70,64.25,-15.21,50.0,6.93
232,Sambava,5,MG,1588758546,67,-14.27,50.17,82.99,11.65
233,Balkanabat,55,TM,1588758546,19,39.51,54.37,92.39,27.65
234,San Jerónimo,96,PE,1588758546,76,-11.95,-75.28,43.45,0.98
235,Poum,100,NC,1588758546,76,-20.23,164.02,71.31,9.1
236,Blind River,1,CA,1588758546,74,46.18,-82.96,30.2,2.24
237,Boyolangu,100,ID,1588758546,85,-8.12,111.89,78.67,6.02
238,Kathmandu,75,NP,1588758546,60,27.72,85.32,71.6,6.93
239,Nenita,58,PH,1588758546,76,12.49,124.8,84.33,7.45
240,Kiknur,0,RU,1588758546,44,57.3,47.2,71.58,17.25
241,Makakilo City,75,US,1588758546,88,21.35,-158.09,75.2,4.7
242,Pangnirtung,0,CA,1588758546,82,66.15,-65.71,12.81,3.09
243,San Policarpo,72,PH,1588758547,79,12.18,125.51,83.73,6.49
244,Pervomayskoye,76,RU,1588758547,38,43.92,46.71,81.1,8.28
245,Banjar,20,ID,1588758547,84,-8.19,114.97,86.0,11.41
246,Mahébourg,40,MU,1588758547,69,-20.41,57.7,82.4,11.41
247,Morant Bay,40,JM,1588758547,74,17.88,-76.41,80.6,8.05
248,Amarante,53,BR,1588758547,87,-6.24,-42.85,74.82,3.51
249,Matola,75,MZ,1588758547,61,-25.96,32.46,78.01,10.29
250,Andenes,90,NO,1588758547,93,69.31,16.12,37.4,20.8
251,Araouane,20,ML,1588758547,13,18.9,-3.53,102.11,6.69
252,Calama,0,CL,1588758460,19,-22.47,-68.93,50.0,21.92
253,Rio Grande,39,BR,1588758547,84,-32.03,-52.1,52.0,7.0
254,Tower,75,IE,1588758547,93,51.92,-8.6,51.01,16.11
255,Porto Seguro,20,BR,1588758547,88,-16.45,-39.06,69.8,3.36
256,Lichinga,75,MZ,1588758547,56,-13.31,35.24,71.6,4.7
257,Palmas,40,BR,1588758547,94,-10.21,-48.36,75.2,4.7
258,Nikolskoye,47,RU,1588758547,31,59.7,30.79,62.01,8.95
259,Geraldton,90,AU,1588758547,45,-28.77,114.6,66.2,17.22
260,Bekwai,80,GH,1588758547,70,6.45,-1.58,84.7,4.65
261,Vila Franca do Campo,75,PT,1588758547,88,37.72,-25.43,62.6,11.41
262,Padang,80,ID,1588758439,68,-0.95,100.35,85.15,3.51
263,Samarai,100,PG,1588758547,79,-10.62,150.67,80.62,19.22
264,Brakel,20,DE,1588758548,46,51.72,9.18,57.0,5.82
265,Worland,1,US,1588758548,69,44.02,-107.96,43.0,4.7
266,Lüderitz,32,NA,1588758548,18,-26.65,15.16,84.38,4.25
267,Waddān,0,LY,1588758548,13,29.16,16.14,87.33,1.32
268,Oistins,75,BB,1588758548,74,13.07,-59.53,80.6,20.8
269,Plácido de Castro,87,BR,1588758548,97,-10.34,-67.19,73.13,0.78
270,Husavik,73,IS,1588758548,49,66.04,-17.34,46.4,9.17
271,Cidreira,27,BR,1588758548,75,-30.18,-50.21,57.04,17.0
272,Taksimo,100,RU,1588758548,82,56.34,114.88,41.11,7.96
273,Ilulissat,79,GL,1588758270,58,69.22,-51.1,24.8,4.7
274,Sabang,67,ID,1588758548,71,5.89,95.32,85.3,10.87
275,Pleasanton,1,US,1588758544,40,37.66,-121.87,55.0,3.36
276,Nouadhibou,60,MR,1588758548,77,20.93,-17.03,68.0,16.11
277,Forsytheganj,100,BY,1588758548,56,52.63,29.73,61.36,5.86
278,Dingle,92,PH,1588758548,72,11.0,122.67,85.73,4.74
279,Kogon,40,UZ,1588758548,44,39.72,64.55,78.8,6.93
280,Devonport,100,AU,1588758548,84,-41.17,146.35,55.99,3.53
281,Teknāf,0,BD,1588758548,69,20.86,92.31,87.01,11.12
282,Myitkyina,29,MM,1588758548,32,25.38,97.4,95.45,3.13
283,Cascais,20,PT,1588758539,72,38.7,-9.42,68.0,8.05
284,Faanui,95,PF,1588758548,80,-16.48,-151.75,81.46,13.06
285,Gouré,0,NE,1588758549,6,13.98,10.27,99.0,10.0
286,Saint-Philippe,20,RE,1588758549,69,-21.36,55.77,82.4,8.05
287,Ternate,88,ID,1588758549,75,0.8,127.4,84.74,3.98
288,Vardø,75,NO,1588758549,65,70.37,31.11,41.0,8.05
289,Coyhaique,20,CL,1588758549,87,-45.58,-72.07,42.8,5.82
290,Fort Frances,1,CA,1588758549,74,48.6,-93.4,34.0,5.82
291,Chokurdakh,95,RU,1588758549,96,70.63,147.92,17.85,4.25
292,Ostrovnoy,1,RU,1588758549,89,68.05,39.51,37.94,21.39
293,Omboué,98,GA,1588758549,80,-1.57,9.26,82.09,4.94
294,Tautira,75,PF,1588758549,83,-17.73,-149.15,78.8,4.7
295,Balkhash,0,KZ,1588758549,16,46.84,74.98,62.6,15.66
296,Petatlán,85,MX,1588758549,27,17.52,-101.27,73.71,2.77
297,Aksarayskiy,30,RU,1588758549,38,46.79,48.01,75.2,31.32
298,Baykit,87,RU,1588758549,60,61.67,96.37,44.69,7.52
299,Ormara,0,PK,1588758549,46,25.21,64.64,88.56,16.67
300,Manoel Urbano,89,BR,1588758549,97,-8.84,-69.26,72.54,0.94
301,Entre Rios,85,BR,1588758549,95,-11.94,-38.08,74.28,3.83
302,Petra,31,JO,1588758549,44,30.32,35.48,60.64,8.88
303,Krasnosel'kup,100,RU,1588758549,99,65.7,82.47,33.78,7.07
304,Sobolevo,100,RU,1588758549,90,54.43,31.9,56.97,5.86
305,Mareeba,90,AU,1588758549,78,-17.0,145.43,73.4,16.11
306,Angoram,97,PG,1588758550,95,-4.06,144.07,76.78,2.15
307,Cabedelo,40,BR,1588758550,94,-6.98,-34.83,75.2,4.7
308,Turan,20,VN,1588758550,70,16.07,108.22,86.0,8.05
309,Wasilla,1,US,1588758518,64,61.58,-149.44,46.4,5.21
310,Lumby,75,CA,1588758550,66,50.25,-118.97,50.0,4.7
311,Brae,75,GB,1588758550,71,60.4,-1.35,50.0,14.99
312,Port Hardy,90,CA,1588758550,76,50.7,-127.42,48.2,6.93
313,Cisarua,40,ID,1588758550,74,-6.65,106.47,89.6,10.29
314,Mount Vernon,90,US,1588758550,66,40.91,-73.84,50.0,16.11
315,Havøysund,40,NO,1588758550,65,71.0,24.66,41.0,9.17
316,Port Hueneme,1,US,1588758550,87,34.15,-119.2,60.8,3.36
317,Tangwani,0,PK,1588758550,24,28.28,69.0,105.8,4.7
318,Luwuk,5,ID,1588758550,76,-0.95,122.79,82.47,2.48
319,Guerrero,52,MX,1588758550,41,17.67,-100.0,71.06,2.13
320,Antigonish,100,CA,1588758260,92,45.62,-62.0,34.0,5.01
321,Dum Duma,75,IN,1588758550,70,27.57,95.57,84.2,3.36
322,Alice Springs,19,AU,1588758309,11,-23.7,133.88,77.0,4.7
323,Virginia Beach,90,US,1588758550,93,36.85,-75.98,53.6,8.05
324,Ancud,20,CL,1588758550,100,-41.87,-73.82,46.99,1.12
325,Kelmė,56,LT,1588758550,44,55.63,22.93,59.0,18.34
326,Vila Velha,20,BR,1588758444,83,-20.33,-40.29,71.6,3.36
327,Port-Gentil,40,GA,1588758550,79,-0.72,8.78,86.0,5.82
328,Tigil',97,RU,1588758551,95,57.8,158.67,32.92,8.28
329,Viedma,0,AR,1588758551,71,-40.81,-63.0,45.07,7.25
330,Kjøllefjord,75,NO,1588758546,65,70.95,27.35,41.0,11.41
331,Strelka,18,RU,1588758551,44,58.07,93.03,53.06,10.96
332,Pacific Grove,1,US,1588758551,76,36.62,-121.92,55.4,4.7
333,Dauriya,100,RU,1588758551,25,49.93,116.87,65.53,14.38
334,Asău,75,RO,1588758317,71,46.43,26.4,54.0,4.7
335,Lødingen,75,NO,1588758551,86,68.41,16.0,37.4,40.26
336,Acaraú,2,BR,1588758551,88,-2.89,-40.12,77.58,11.72
337,Pochutla,100,MX,1588758551,77,15.74,-96.47,78.01,3.6
338,Tarko-Sale,96,RU,1588758551,97,64.92,77.78,36.12,14.63
339,Kahului,1,US,1588758442,68,20.89,-156.47,71.6,12.75
340,Henties Bay,0,NA,1588758551,20,-22.12,14.28,88.9,13.94
341,Serebryansk,40,KZ,1588758551,31,49.69,83.29,60.8,17.9
342,Euclid,90,US,1588758313,70,41.59,-81.53,46.4,8.05
343,Boa Vista,75,BR,1588758551,88,2.82,-60.67,77.0,6.93
344,Korla,49,CN,1588758551,31,41.76,86.15,73.69,17.4
345,Baruun-Urt,100,MN,1588758551,17,46.68,113.28,75.61,15.08
346,Kruisfontein,72,ZA,1588758551,66,-34.0,24.73,68.92,6.55
347,Zykovo,60,RU,1588758551,26,55.95,93.15,55.4,20.13
348,Urmia,75,IR,1588758551,93,37.55,45.08,57.2,4.7
349,Isla Mujeres,40,MX,1588758551,83,21.23,-86.73,80.6,4.7
350,Tromsø,75,NO,1588758552,74,69.65,18.96,37.4,25.28
351,Pangody,100,RU,1588758552,99,65.85,74.49,33.37,13.6
352,Makat,100,KZ,1588758552,18,47.65,53.35,78.49,20.07
353,Paamiut,100,GL,1588758552,96,61.99,-49.67,35.85,8.7
354,Chui,85,UY,1588758552,71,-33.7,-53.46,55.71,13.02
355,Cayenne,100,GF,1588758552,100,4.93,-52.33,77.0,10.51
356,Buraidah,24,SA,1588758552,35,26.33,43.98,84.2,9.17
357,Mehamn,75,NO,1588758552,65,71.04,27.85,41.0,11.41
358,Kaputa,94,ZM,1588758552,66,-8.47,29.66,75.88,3.09
359,Hasaki,75,JP,1588758552,100,35.73,140.83,59.0,10.29
360,Brooks,63,CA,1588758552,75,50.58,-111.89,41.0,4.0
361,Broome,1,US,1588758552,55,42.25,-75.83,35.01,8.05
362,Namatanai,88,PG,1588758552,73,-3.67,152.43,80.71,3.38
363,Zgierz,90,PL,1588758488,87,51.86,19.41,50.0,11.41
364,San Fernando del Valle de Catamarca,8,AR,1588758552,94,-28.47,-65.79,44.01,3.31
365,San Antonio del Norte,40,HN,1588758552,88,13.88,-87.7,75.2,4.7
366,Luan,40,CH,1588758552,67,46.36,6.98,62.6,3.36
367,Diamantino,100,BR,1588758552,81,-14.41,-56.45,72.43,4.34
368,Makkah al Mukarramah,5,SA,1588758552,10,21.43,39.83,102.76,9.71
369,Pedernales,68,DO,1588758553,71,18.04,-71.74,77.81,3.22
370,Haripur,20,PK,1588758553,29,34.0,72.93,88.0,4.7
371,Kieta,99,PG,1588758553,75,-6.22,155.63,79.72,0.87
372,‘Āhuimanu,40,US,1588758553,57,21.44,-157.84,80.6,9.17
373,Troitsko-Pechorsk,100,RU,1588758553,95,62.71,56.2,45.41,6.58
374,Ribeira Grande,75,PT,1588758553,88,38.52,-28.7,64.4,6.93
375,Forbes,59,AU,1588758553,81,-33.38,148.02,57.99,5.53
376,Tonj,97,SS,1588758553,41,7.27,28.68,94.73,4.65
377,Mahabalipuram,40,IN,1588758553,59,12.63,80.17,95.0,14.99
378,Ukiah,1,US,1588758438,81,39.15,-123.21,50.0,5.14
379,Tuatapere,99,NZ,1588758553,82,-46.13,167.68,48.2,6.29
380,Bilma,0,NE,1588758553,9,18.69,12.92,97.16,10.42
381,Trairi,18,BR,1588758553,91,-3.28,-39.27,76.33,8.25
382,Kiryat Gat,81,IL,1588758553,73,31.61,34.76,73.0,10.0
383,Novo Aripuanã,100,BR,1588758553,98,-5.12,-60.38,73.11,1.95
384,Aloleng,100,PH,1588758553,72,16.13,119.78,86.52,8.57
385,Yenagoa,12,NG,1588758553,61,4.92,6.26,91.11,4.61
386,Dvinskoy,100,RU,1588758553,79,62.15,45.12,63.68,8.48
387,Novaya Igirma,92,RU,1588758554,93,57.13,103.91,38.73,12.15
388,Port Blair,84,IN,1588758554,68,11.67,92.75,87.21,9.69
389,Sungai Penuh,100,ID,1588758554,81,-2.08,101.38,75.07,2.71
390,Chapais,1,CA,1588758459,85,49.78,-74.85,17.6,2.37
391,Meadow Lake,1,US,1588758331,31,34.8,-106.54,60.8,3.36
392,Hambantota,85,LK,1588758554,78,6.12,81.12,84.11,19.37
393,Bajil,99,YE,1588758554,41,15.06,43.29,97.38,10.51
394,Grand Baie,7,MU,1588758554,70,-20.02,57.58,82.0,11.01
395,Torbay,90,CA,1588758554,91,47.67,-52.73,37.0,11.41
396,Beringovskiy,59,RU,1588758554,95,63.05,179.32,25.88,5.99
397,Tunceli,75,TR,1588758554,82,39.11,39.55,57.2,4.7
398,Okhotsk,3,RU,1588758554,80,59.38,143.3,36.54,10.83
399,Davila,40,PH,1588758554,70,18.47,120.58,87.8,9.17
400,Nioro,15,GM,1588758554,32,13.35,-15.75,89.1,2.53
401,Micheweni,100,TZ,1588758554,82,-4.97,39.83,81.48,10.45
402,San Angelo,1,US,1588758554,62,31.46,-100.44,57.0,4.7
403,Kununurra,12,AU,1588758554,32,-15.77,128.73,82.4,3.36
404,Trybukhivtsi,34,UA,1588758554,60,49.04,25.46,51.01,11.01
405,Jacareacanga,100,BR,1588758554,98,-6.22,-57.75,73.0,1.61
406,Bosaso,1,SO,1588758554,47,11.28,49.18,93.7,8.12
407,Shimoda,75,JP,1588758554,82,34.67,138.95,66.2,5.82
408,Beloha,77,MG,1588758554,42,-25.17,45.05,82.74,7.07
409,Miraflores,40,MX,1588758554,87,19.22,-98.81,55.4,5.82
410,Farafangana,41,MG,1588758555,76,-22.82,47.83,77.09,8.37
411,Kharan,0,PK,1588758555,8,28.58,65.42,98.55,11.21
412,Awjilah,0,LY,1588758555,15,29.11,21.29,82.67,1.95
413,Zaraza,98,VE,1588758555,83,9.35,-65.32,74.59,2.53
414,Colares,40,PT,1588758555,88,38.8,-9.45,68.0,2.24
415,Iqaluit,20,CA,1588758555,77,63.75,-68.51,3.2,4.7
416,Turukhansk,100,RU,1588758555,76,65.82,87.98,36.43,7.72
417,Nanortalik,100,GL,1588758555,80,60.14,-45.24,40.14,8.55
418,Ugoofaaru,99,MV,1588758555,74,5.67,73.0,85.64,7.16
419,Kavaratti,40,IN,1588758555,59,10.57,72.64,93.2,4.7
420,Ust-Kuyga,45,RU,1588758555,96,70.02,135.6,27.97,1.57
421,Constitución,5,CL,1588758555,59,-35.33,-72.42,51.69,7.36
422,Ankazobe,75,MG,1588758555,60,-18.32,47.12,75.2,4.7
423,Linxia Chengguanzhen,100,CN,1588758555,83,35.6,103.21,54.18,6.02
424,Katsuura,100,JP,1588758555,83,35.13,140.3,63.0,1.99
425,Havre-St-Pierre,90,CA,1588758555,59,50.23,-63.6,35.6,17.22
426,Saint-Pierre,20,RE,1588758555,69,-21.34,55.48,82.4,8.05
427,Dzhebariki-Khaya,96,RU,1588758555,88,62.22,135.8,35.04,3.02
428,Elizabeth City,90,US,1588758555,87,36.29,-76.25,55.4,10.29
429,Manapparai,40,IN,1588758555,38,10.6,78.42,104.0,6.93
430,Ahipara,0,NZ,1588758555,78,-35.17,173.17,55.22,7.81
431,Gazli,0,UZ,1588758555,27,40.13,63.45,79.7,6.44
432,Sokołów Podlaski,100,PL,1588758555,88,52.41,22.25,46.99,23.02
433,Xiaolan,3,CN,1588758555,75,22.67,113.23,89.01,10.0
434,Yantzaza,39,EC,1588758556,84,-3.83,-78.76,63.73,1.05
435,Province of Mantua,84,IT,1588758556,66,45.17,10.78,64.99,10.0
436,Ambanja,0,MG,1588758556,62,-13.68,48.45,85.57,5.97
437,Barranca,100,PE,1588758556,88,-10.75,-77.77,65.28,1.41
438,General Pico,0,AR,1588758556,74,-35.66,-63.76,40.39,5.75
439,Tura,57,IN,1588758556,54,25.52,90.22,85.32,4.65
440,Porteirinha,47,BR,1588758556,86,-15.74,-43.03,66.97,3.0
441,Harwich,20,GB,1588758556,66,51.94,1.28,59.0,6.93
442,Iguape,80,BR,1588758556,71,-24.71,-47.56,67.91,5.21
443,Azanka,61,RU,1588758556,33,58.04,64.79,77.61,9.28
444,Srikakulam,30,IN,1588758556,64,18.3,83.9,90.0,12.97
445,Wanning,3,CN,1588758556,78,18.8,110.4,84.43,12.21
446,Conceição da Barra,9,BR,1588758556,85,-18.59,-39.73,69.8,4.18
447,Iralaya,74,HN,1588758556,85,15.0,-83.23,79.74,8.43
448,Havelock,90,US,1588758556,88,34.88,-76.9,69.01,12.75
449,Jackson,90,US,1588758306,54,42.42,-122.83,53.6,5.82
450,Zelenoborsk,100,RU,1588758556,72,61.47,64.03,53.51,3.33
451,Verāval,0,IN,1588758556,43,20.9,70.37,93.2,18.61
452,Nome,1,US,1588758258,74,64.5,-165.41,36.0,3.36
453,Opuwo,0,NA,1588758556,26,-18.06,13.84,82.72,19.91
454,Santa Rosalía,0,MX,1588758556,45,27.32,-112.28,73.65,1.52
455,Neiafu,24,TO,1588758557,83,-18.65,-173.98,81.14,11.68
456,Loukhi,87,RU,1588758557,85,66.08,33.04,44.26,8.39
457,Estelle,75,US,1588758557,60,29.85,-90.11,73.99,13.87
458,Sotik Post,31,KE,1588758557,59,-0.78,35.34,74.26,7.34
459,Provideniya,0,RU,1588758557,93,64.38,-173.3,29.62,0.85
460,La Ligua,9,CL,1588758557,66,-32.45,-71.23,55.4,2.24
461,Coihueco,0,CL,1588758557,100,-36.62,-71.83,42.8,5.82
462,Winsum,0,NL,1588758557,43,53.33,6.52,55.99,4.7
463,Ermelo,20,ZA,1588758557,55,-26.53,29.98,64.4,2.24
464,Oktyabr'skiy,0,RU,1588758557,34,54.48,53.47,70.3,14.76
465,Murgab,0,TM,1588758557,29,37.5,61.97,89.6,3.78
466,Warren,90,US,1588758557,100,39.43,-84.17,39.99,3.36
467,Shingū,90,JP,1588758557,100,33.73,135.98,66.2,2.24
468,Port-Cartier,75,CA,1588758557,61,50.03,-66.87,48.2,5.82
469,Osa,0,RU,1588758557,36,57.28,55.46,72.12,13.06
470,Zhangye,100,CN,1588758557,40,38.93,100.45,64.27,6.31
471,Phalodi,44,IN,1588758557,12,27.13,72.37,104.52,13.22
472,Bawku,89,GH,1588758557,36,11.06,-0.24,97.03,7.81
473,Khovu-Aksy,91,RU,1588758557,53,51.13,93.6,44.64,11.36
474,Mananjary,17,MG,1588758557,82,-21.22,48.33,77.54,6.93
475,Sisimiut,0,GL,1588758557,84,66.94,-53.67,29.44,6.53
476,Lavrentiya,0,RU,1588758557,90,65.58,-171.0,19.56,1.57
477,Palmer,1,US,1588758558,92,42.16,-72.33,33.01,2.59
478,Izumo,20,JP,1588758558,72,35.37,132.77,62.6,19.46
479,Kholtoson,91,RU,1588758558,55,50.3,103.31,46.9,6.11
480,São José da Coroa Grande,19,BR,1588758558,78,-8.9,-35.15,80.71,8.08
481,Mount Gambier,77,AU,1588758558,51,-37.83,140.77,59.0,12.75
482,Chicama,72,PE,1588758558,78,-7.84,-79.15,69.93,3.22
483,Ischia,75,IT,1588758558,52,40.73,13.95,70.0,7.72
484,West Bay,100,KY,1588758558,78,19.37,-81.42,82.0,1.01
485,Iğdır,75,TR,1588758558,82,39.92,44.05,59.0,12.75
486,Barra do Garças,100,BR,1588758262,85,-15.89,-52.26,68.76,2.1
487,Ponta Delgada,75,PT,1588758558,88,37.73,-25.67,62.6,11.41
488,Sosnogorsk,100,RU,1588758558,95,63.6,53.88,46.69,6.02
489,Aracati,5,BR,1588758558,85,-4.56,-37.77,77.45,10.18
490,Åmot,100,NO,1588758558,35,59.57,7.99,57.2,11.41
491,Mitsamiouli,68,KM,1588758558,74,-11.38,43.28,82.6,8.25
492,Lander,1,US,1588758558,45,42.83,-108.73,42.8,4.7
493,Mount Isa,15,AU,1588758558,29,-20.73,139.5,75.2,5.82
494,Río Gallegos,100,AR,1588758558,100,-51.62,-69.22,30.2,4.7
495,Itarema,5,BR,1588758558,89,-2.92,-39.92,77.47,11.97
496,Adeje,20,ES,1588758558,60,28.12,-16.73,71.01,3.36
497,São João da Barra,7,BR,1588758558,88,-21.64,-41.05,69.8,9.17
498,Katobu,91,ID,1588758558,92,-4.94,122.53,79.39,3.31
499,Hinesville,75,US,1588758559,83,31.85,-81.6,71.6,8.05
500,Kirsanov,92,RU,1588758559,68,52.65,42.72,64.4,14.12
501,Najrān,40,SA,1588758559,41,17.49,44.13,91.4,6.93
502,High Level,90,CA,1588758559,87,58.52,-117.14,44.6,8.05
503,Urusha,19,RU,1588758559,27,54.05,122.9,64.49,4.88
504,Burgeo,100,CA,1588758559,91,47.62,-57.62,37.92,4.41
505,Batesville,1,US,1588758559,58,35.77,-91.64,54.0,4.7
506,Gaya,12,IN,1588758559,43,24.78,85.0,91.4,10.8
507,Khovd,99,MN,1588758559,46,48.01,91.64,46.26,13.71
508,Baharly,0,TM,1588758559,24,38.44,57.43,90.68,18.01
509,Tirur,20,IN,1588758559,59,10.9,75.92,93.2,10.29
510,Kharitonovo,97,RU,1588758559,59,61.4,47.5,69.8,12.68
511,Amapá,100,BR,1588758559,97,1.0,-52.0,70.95,2.75
512,Kano,11,NG,1588758559,12,12.0,8.52,95.0,10.29
513,Hibbing,1,US,1588758559,69,47.43,-92.94,42.8,10.29
514,Plettenberg Bay,31,ZA,1588758559,67,-34.05,23.37,68.49,5.39
515,Menongue,0,AO,1588758559,38,-14.66,17.69,77.86,12.59
516,Margate,0,GB,1588758559,78,51.38,1.39,55.99,5.99
517,Derby,20,GB,1588758559,66,52.92,-1.48,53.01,6.93
518,San Luis,0,AR,1588758559,68,-33.3,-66.34,39.02,3.96
519,Camopi,100,GF,1588758559,97,3.17,-52.32,71.89,4.09
520,Nemuro,75,JP,1588758560,52,43.32,145.57,44.6,6.93
521,St. George's,93,GD,1588758560,75,12.06,-61.75,79.93,18.9
522,Agadez,0,NE,1588758560,10,19.75,10.25,93.94,15.79
523,Lixouri,20,GR,1588758560,77,38.2,20.43,66.2,6.93
524,Esil,39,KZ,1588758560,26,51.96,66.4,66.85,9.57
525,Hūn,0,LY,1588758560,13,29.13,15.95,88.2,1.41
526,Kautokeino,45,NO,1588758560,86,69.01,23.04,34.18,18.84
527,Destin,1,US,1588758374,88,30.39,-86.5,71.6,9.17
528,Bāngarmau,27,IN,1588758560,13,26.9,80.22,102.97,9.13
529,Copiapó,55,CL,1588758560,87,-27.37,-70.33,55.4,5.82
530,Santa Cruz de la Sierra,90,BO,1588758560,94,-17.8,-63.17,68.0,17.22
531,Roald,75,NO,1588758560,87,62.58,6.13,46.4,14.99
532,Córdoba,0,AR,1588758507,60,-31.41,-64.18,43.0,4.7
533,Sakakah,0,SA,1588758560,28,29.97,40.21,73.4,21.92
534,Walvis Bay,0,NA,1588758560,16,-22.96,14.51,92.3,17.49
535,Nipawin,1,CA,1588758560,88,53.37,-104.0,32.0,9.17
536,Dalvik,73,IS,1588758560,49,65.97,-18.53,46.4,9.17
537,Dalnerechensk,0,RU,1588758560,44,45.93,133.72,53.83,4.59
538,Warmbad,55,NA,1588758560,15,-28.45,18.73,80.56,7.85
539,Amuntai,100,ID,1588758560,76,-2.42,115.25,84.6,1.57
540,Boende,100,CD,1588758560,96,-0.22,20.87,74.19,5.14
541,Lagoa,89,PT,1588758561,88,39.05,-27.98,61.03,9.98
542,Salihorsk,88,BY,1588758561,71,52.79,27.54,55.36,3.58
543,Dubbo,5,AU,1588758562,87,-32.25,148.62,55.4,1.14
544,San Quintín,0,MX,1588758562,79,30.48,-115.95,64.8,8.37
545,Vao,100,NC,1588758562,72,-22.67,167.48,72.27,26.98
546,Matara,100,LK,1588758562,87,5.95,80.54,81.52,10.31
547,Alofi,37,NU,1588758562,100,-19.06,-169.92,75.2,4.7
548,Caraballeda,81,VE,1588758562,78,10.61,-66.85,72.0,9.33
549,Bueu,40,ES,1588758562,72,42.32,-8.79,66.99,8.05
550,Avera,1,US,1588758562,55,33.19,-82.53,66.2,12.75
551,Dinar,20,TR,1588758562,52,38.06,30.17,64.4,6.93
552,Santa Rosa de Viterbo,96,BR,1588758562,87,-21.47,-47.36,60.8,0.85
553,Srednekolymsk,100,RU,1588758562,96,67.45,153.68,28.85,4.43
554,Bosansko Grahovo,100,BA,1588758562,63,44.18,16.36,57.0,8.99
555,San Felipe,100,VE,1588758562,90,10.34,-68.74,73.94,2.51
556,Martinsicuro,79,IT,1588758562,14,42.88,13.91,72.0,7.0
557,Ginda,62,IN,1588758562,33,30.69,78.49,70.99,1.01
558,Kenai,1,US,1588758562,55,60.55,-151.26,39.2,3.36
559,Borogontsy,100,RU,1588758562,77,62.67,131.17,40.84,4.29
560,Dunedin,15,NZ,1588758562,80,-45.87,170.5,51.01,1.99
561,Honningsvåg,100,NO,1588758562,84,70.98,25.97,37.11,14.14
562,Sept-Îles,75,CA,1588758562,61,50.2,-66.38,48.2,5.82
563,Kainantu,100,PG,1588758562,96,-6.29,145.87,62.46,2.13
564,Cortez,1,US,1588758562,44,37.35,-108.59,41.0,8.05
565,Kroya,100,ID,1588758562,85,-7.63,109.25,81.7,10.0
566,Paraná,0,AR,1588758563,94,-31.73,-60.52,48.99,9.33
567,Kangaatsiaq,0,GL,1588758563,88,68.31,-53.46,27.73,2.13
568,Taltal,25,CL,1588758563,76,-25.4,-70.48,56.71,2.08
569,Devils Lake,1,US,1588758563,93,48.11,-98.87,35.6,3.22
570,Agüimes,20,ES,1588758563,60,27.91,-15.45,71.6,23.04
